1.4285714285714
1.3636369834714
1.3043472589795
1.25
1.2000004800002
1.1538457100593
1.1111111111111
1.0714289540818
1.0344834720576
1
0.96774505724212
0.93749707032166
0.90909090909091
0.88235553633981
0.85714040817026
0.83333333333333
0.8108130021973
0.78947160665367
0.76923076923077
0.75000187500469
0.73170553242553
0.71428571428571
0.69767604110707
0.68181663223493
0.66666666666667
0.65217533081594
0.63829651426274
0.625
0.61224614744112
0.5999988000024
0.58823529411765
0.57692418639267
0.56603666785534
0.55555555555556
0.54545553719189
0.53571332908334
0.52631578947368
0.51724227110736
0.50847371445133
0.5
